==> HCA_ON/scripts/5_refine_major/14scanpy_GearysC/AC.out <==
[0.19153323 0.05966498 0.20463689 0.09224805 0.1631227  0.15578405
 0.21505751 0.13934954 0.17942171 0.06532367 0.16242531 0.16196098
 0.15927028 0.05977883 0.06865779 0.14133344 0.24274341 0.04251965
 0.12602658 0.03802851 0.15621011 0.05867114 0.1691124  0.06946594
 0.05287939 0.19747229 0.34729321 0.1620495  0.05592031 0.21856779]
[0.17071056 0.05964488 0.12719083 0.20775479 0.14878789 0.21393513
 0.05243814 0.15785179 0.2110011  0.07366971 0.22704878 0.07700652
 0.18141766 0.22822073 0.10586319 0.17340268 0.19860738 0.04351332
 0.0691607  0.14453597 0.04908679 0.10128652 0.10511154 0.07567552
 0.1779871  0.0575572  0.18881532 0.06054708 0.17555374 0.17656154]

==> HCA_ON/scripts/5_refine_major/14scanpy_GearysC/Astrocyte.out <==
[0.22561908 0.2134137  0.25074719 0.25868503 0.14922595 0.25384519
 0.26414609 0.27713746 0.27126269 0.27549018 0.25740306 0.22574204
 0.22854214 0.18166095 0.26040294 0.26586016 0.28165454 0.25388517
 0.12088403 0.2734788  0.14980832 0.22062802 0.25613795 0.25605925
 0.17633536 0.081524   0.28026337 0.13434312 0.28013429 0.29247606]
[0.13833005 0.19715845 0.25201283 0.24028577 0.07722879 0.24672054
 0.2165636  0.22220784 0.25799605 0.16668735 0.2488639  0.15330344
 0.30702476 0.24780054 0.25459914 0.09625741 0.24560099 0.25079382
 0.17777334 0.22197942 0.24310535 0.20984469 0.25571598 0.18414622
 0.23871168 0.14164627 0.256207   0.25511224 0.22496644 0.24994564]

==> HCA_ON/scripts/5_refine_major/14scanpy_GearysC/BC.out <==
[0.18848982 0.19883434 0.19832641 0.24033788 0.26455421 0.20597889
 0.09264457 0.22237674 0.21292306 0.24091706 0.04663193 0.20370999
 0.24560061 0.09277676 0.20841436 0.22078461 0.23362298 0.13566648
 0.13175479 0.17484568 0.24135831 0.18399429 0.03498019 0.11276983
 0.21607554 0.11720768 0.21043102 0.21371313 0.23259498 0.16608553]
[0.10780539 0.14270424 0.20021066 0.22476484 0.09852179 0.19858974
 0.20920945 0.04210771 0.22322646 0.20880692 0.17612151 0.14260845
 0.08384382 0.19090172 0.14109736 0.16862933 0.18910466 0.18149214
 0.22106361 0.18004871 0.21159904 0.26606618 0.04904882 0.18592785
 0.10030138 0.25090217 0.24799718 0.209418   0.20799532 0.24358603]

==> HCA_ON/scripts/5_refine_major/14scanpy_GearysC/Cone.out <==
[0.32323582 0.32844638 0.22949462 0.3311684  0.16343566 0.288424
 0.34819233 0.24922101 0.2553971  0.26475778 0.35371851 0.25218388
 0.36152645 0.2257761  0.32460766 0.29614098 0.26473979 0.42854143
 0.21293773 0.29959299 0.27234674 0.19491681 0.18179956 0.30343979
 0.35507689 0.25752421 0.26697701 0.19425409 0.3224688  0.29479369]
[0.05964294 0.25431348 0.07526316 0.05675752 0.25406099 0.11777647
 0.15294383 0.04824944 0.08876482 0.18900898 0.21567655 0.10987242
 0.17119492 0.17805722 0.10343242 0.10922863 0.11411032 0.19096345
 0.27054218 0.07439784 0.1178859  0.05243392 0.26239827 0.07393412
 0.06384475 0.08971627 0.2383436  0.15904512 0.05039151 0.24182681]

==> HCA_ON/scripts/5_refine_major/14scanpy_GearysC/Endothelial_cell.out <==
[0.23474334 0.28520026 0.13583762 0.30101128 0.2464835  0.27615156
 0.2787189  0.31844329 0.27766012 0.24108791 0.31932325 0.17890517
 0.30306362 0.19373846 0.25788556 0.24016689 0.30492892 0.13518352
 0.22414394 0.32448856 0.15491189 0.20692304 0.29527286 0.29143091
 0.26469968 0.31064354 0.34713946 0.31697227 0.27673301 0.28413624]
[0.35241999 0.2837918  0.27179066 0.24161905 0.24085762 0.35158476
 0.30975576 0.21502739 0.25289047 0.16963847 0.29232285 0.25577728
 0.14112898 0.29095008 0.27155237 0.27622308 0.3033333  0.29057131
 0.17921396 0.28810403 0.18105473 0.31544968 0.29522142 0.27203733
 0.17295422 0.35465675 0.32716768 0.26612557 0.32308074 0.29411898]

==> HCA_ON/scripts/5_refine_major/14scanpy_GearysC/Fibroblast.out <==
[0.27113    0.11554129 0.18563733 0.22604264 0.30685173 0.06399315
 0.27461099 0.25042008 0.26404078 0.217454   0.25692866 0.25887638
 0.12971078 0.30468087 0.16027102 0.22194678 0.2742852  0.17843667
 0.24615943 0.19244604 0.20843261 0.25092324 0.34712604 0.19016154
 0.25570721 0.21871619 0.28658389 0.1475121  0.21732884 0.20858571]
[0.22962622 0.11880336 0.25820969 0.17038179 0.26467335 0.22658442
 0.24847572 0.24521091 0.30930408 0.18186433 0.21290678 0.16551535
 0.07446896 0.35407802 0.29770492 0.2181536  0.25837924 0.24939176
 0.08113103 0.27029681 0.18359857 0.28066867 0.17988859 0.2440922
 0.19210398 0.22981614 0.28050336 0.23369614 0.21249087 0.25792101]

==> HCA_ON/scripts/5_refine_major/14scanpy_GearysC/HC.out <==
[0.35273323 0.30416144 0.23230668 0.24686179 0.27142536 0.3122975
 0.24084308 0.3007119  0.30893968 0.36564945 0.31982647 0.27741081
 0.31852346 0.34263333 0.29277037 0.34380083 0.36393797 0.3036521
 0.32836188 0.34463422 0.28282937 0.12827355 0.33110995 0.2464047
 0.34375632 0.37065471 0.33886594 0.31922556 0.25187469 0.36247576]
[0.26677034 0.23306066 0.24997546 0.2720163  0.6618292  0.34532072
 0.30350213 0.30970996 0.24121805 0.32041156 0.33403614 0.26992447
 0.15462143 0.25449718 0.31042506 0.31325659 0.38331429 0.29134609
 0.17162432 0.32413174 0.35401456 0.16945271 0.31107162 0.30828914
 0.25466083 0.24767893 0.30902844 0.30407602 0.25806421 0.18269307]

==> HCA_ON/scripts/5_refine_major/14scanpy_GearysC/Macrophage.out <==
[0.26381292 0.23605512 0.27965682 0.28843883 0.23326512 0.19016934
 0.17059304 0.22317743 0.32022655 0.28217985 0.2852146  0.24910837
 0.24209234 0.18782434 0.29822069 0.26573354 0.23493038 0.23650849
 0.22777429 0.25031514 0.31271261 0.19948595 0.31364128 0.1845947
 0.29789351 0.25750971 0.25415288 0.24446385 0.31124154 0.2398463 ]
[0.30996237 0.2110931  0.22013997 0.25718383 0.20853614 0.28800489
 0.24661357 0.21561702 0.32749533 0.19621895 0.24031052 0.20851144
 0.21751003 0.17993016 0.3693753  0.21497404 0.28920132 0.30959406
 0.2446607  0.16990959 0.3290424  0.32048869 0.24978803 0.28911473
 0.28381929 0.21774851 0.33600169 0.25550045 0.16865535 0.31099309]

==> HCA_ON/scripts/5_refine_major/14scanpy_GearysC/MG.out <==
[0.2798019  0.279183   0.26614794 0.21789552 0.20906837 0.28519356
 0.30057792 0.29259998 0.29276134 0.25302435 0.2580796  0.30103466
 0.33280364 0.3270585  0.18259973 0.29223174 0.32973661 0.29354903
 0.32363623 0.23281837 0.30697589 0.22164714 0.27082559 0.25089117
 0.23321763 0.24299958 0.27512129 0.25546674 0.2969526  0.26323167]
[0.28075647 0.27678773 0.29879251 0.18521827 0.26434696 0.226446
 0.25684267 0.29682087 0.23274639 0.32297871 0.25267508 0.323589
 0.22174022 0.29009397 0.24543961 0.21882689 0.26807744 0.29868357
 0.25456139 0.29898032 0.25218955 0.249953   0.21444076 0.24100713
 0.19032303 0.2165413  0.31433852 0.24033759 0.29887471 0.28471828]

==> HCA_ON/scripts/5_refine_major/14scanpy_GearysC/Microglia.out <==
[0.23122877 0.252978   0.2755755  0.21465256 0.20846461 0.22037867
 0.26423834 0.28525306 0.30567372 0.24025304 0.25127025 0.22818103
 0.28714865 0.30635659 0.23631177 0.26047765 0.28152208 0.26591708
 0.2668245  0.3039328  0.22745031 0.2409087  0.26422962 0.31308501
 0.29360811 0.18500105 0.24070451 0.31670341 0.25898964 0.29643571]
[0.24131702 0.23934081 0.28620253 0.19367617 0.25225389 0.25585305
 0.29943342 0.27517525 0.28414986 0.29573495 0.16644016 0.24567141
 0.21392873 0.24893443 0.21184531 0.24780859 0.30641036 0.25617355
 0.22846181 0.23408919 0.23328717 0.24002133 0.25227221 0.22156567
 0.27542539 0.24754144 0.29416176 0.22330167 0.22989165 0.28830868]

==> HCA_ON/scripts/5_refine_major/14scanpy_GearysC/Mural_cell.out <==
[0.27073975 0.23197912 0.26401489 0.27288195 0.22413014 0.16893847
 0.26723016 0.29432846 0.20876533 0.10966779 0.26761009 0.24572982
 0.32290828 0.26260318 0.27009893 0.32190884 0.26096496 0.30365382
 0.19597737 0.19090399 0.27689585 0.31934369 0.28345945 0.24851184
 0.30090846 0.23309094 0.27271186 0.27929198 0.28983807 0.2425458 ]
[0.26098872 0.1976041  0.28096509 0.2241617  0.31760837 0.20371236
 0.44830747 0.27783625 0.29514345 0.29784349 0.29701009 0.24370405
 0.26024874 0.29992161 0.27444351 0.28646064 0.26469743 0.18211483
 0.27062541 0.22253409 0.20645473 0.31841817 0.25532472 0.20275438
 0.27212835 0.24914447 0.11577644 0.26376153 0.31439858 0.3319199 ]

==> HCA_ON/scripts/5_refine_major/14scanpy_GearysC/NK_T_cell.out <==
[0.31485248 0.35528582 0.14771937 0.24461853 0.31414297 0.20107109
 0.30351331 0.28965847 0.28107906 0.2784627  0.2795595  0.26215456
 0.37098739 0.31014825 0.32803745 0.30143547 0.34186489 0.30473591
 0.32365049 0.32394194 0.29626148 0.20237006 0.28893212 0.26875066
 0.33137212 0.26875067 0.3061689  0.24973553 0.30685256 0.36541015]
[0.25041439 0.31678501 0.27096094 0.13917451 0.30554219 0.25144648
 0.40136976 0.19546405 0.2360161  0.22024328 0.45650236 0.23683436
 0.19904365 0.25890817 0.18361547 0.14005622 0.30014929 0.17822081
 0.52752255 0.20126279 0.40103872 0.24018253 0.24166678 0.24333673
 0.25524143 0.2786162  0.27560737 0.3570323  0.49812909 0.28532225]

==> HCA_ON/scripts/5_refine_major/14scanpy_GearysC/Oligodendrocyte.out <==

==> HCA_ON/scripts/5_refine_major/14scanpy_GearysC/Oligodendrocyte_precursor_cell.out <==
[0.23447292 0.24668822 0.20607056 0.23085046 0.22939067 0.277773
 0.2593427  0.23118171 0.2227991  0.19983961 0.1767347  0.25332628
 0.28587279 0.27579166 0.26160714 0.27893959 0.27857536 0.26479026
 0.27277098 0.22550265 0.22508852 0.20336104 0.2805066  0.1938939
 0.15109405 0.24612295 0.28229836 0.22111873 0.28929214 0.1877161 ]
[0.19881241 0.22758784 0.20444479 0.27349973 0.18731397 0.32158003
 0.2502268  0.28073711 0.21514792 0.25780219 0.32203303 0.16484766
 0.26603676 0.30222973 0.25691771 0.1972854  0.17601942 0.28830352
 0.17094049 0.21610894 0.25980109 0.30046296 0.25184004 0.13940002
 0.19326903 0.20087953 0.27899902 0.2009301  0.21254569 0.28672679]

==> HCA_ON/scripts/5_refine_major/14scanpy_GearysC/RGC.out <==
[0.31871445 0.16497883 0.33390621 0.1380276  0.24541014 0.17806858
 0.271305   0.25574976 0.46628277 0.34328159 0.54080892 0.32301296
 0.22955815 0.15353267 0.20886135 0.202582   0.31329197 0.36071886
 0.27377118 0.28507299 0.31299248 0.24512147 0.21179765 0.19871121
 0.26675753 0.2161268  0.33668104 0.34978067 0.54824326 0.19868585]
[0.49564055 0.28496577 0.23965264 0.20898332 0.25700555 0.22161687
 0.25703334 0.41283534 0.21395148 0.26443265 0.32157894 0.12185153
 0.17825394 0.28019862 0.27631951 0.18185024 0.23124056 0.31250359
 0.34204247 0.26134293 0.16035135 0.17757279 0.18952233 0.12960759
 0.5437279  0.22547378 0.24876338 0.22744507 0.17217638 0.39512739]

==> HCA_ON/scripts/5_refine_major/14scanpy_GearysC/RPE.out <==
[0.32033581 0.25145376 0.31989348 0.24081652 0.27532157 0.15647732
 0.20965706 0.27350443 0.18800244 0.25687373 0.29321056 0.23659573
 0.28325065 0.28317586 0.24803239 0.22043321 0.29292927 0.13269045
 0.25542122 0.25490591 0.29837824 0.31862466 0.284969   0.22130875
 0.27695491 0.21777201 0.27696961 0.27645037 0.37209722 0.26066609]
[0.16107475 0.19804483 0.20305709 0.20870408 0.315573   0.24363043
 0.2561247  0.26065618 0.23754899 0.11226412 0.33596014 0.24674968
 0.22887113 0.27332695 0.29393781 0.25381195 0.27013105 0.29994901
 0.30618963 0.31024283 0.22719654 0.22949363 0.31223255 0.21797795
 0.2781554  0.20101935 0.30748988 0.24281755 0.14012571 0.28648807]

==> HCA_ON/scripts/5_refine_major/14scanpy_GearysC/Schwann_cell.out <==
[0.33689451 0.23274878 0.29668044 0.27265688 0.28134013 0.55815693
 0.29295738 0.44535588 0.67991699 0.35884219 0.35683724 0.30593336
 0.38179675 0.33444532 0.18149319 0.39901662 0.34683139 0.27347481
 0.27649939 0.29700362 0.39605497 0.15998162 0.30043977 0.27487012
 0.31217331 0.33391084 0.29445325 0.31580868 0.34659326 0.30991407]
[0.51548362 0.20811659 0.37933355 0.34429974 0.29364141 0.29580475
 0.28614054 0.29342485 0.30828504 0.17808733 0.25566283 0.54543308
 0.18222652 0.43899276 0.35207017 0.3259067  0.37913918 0.38080047
 0.18688499 0.25107942 0.33302683 0.22162797 0.2620164  0.29704564
 0.20675174 0.30978982 0.51515958 0.21070372 0.33109575 0.42998252]
