AMD_NG2016	Bone_mineral_density	CA_DA_caucasians_2017	DA_caucasians_2017	Diabetic_retinopathy	IOP_caucasians_2017	IS_thickness	Khor_PACG2016	Myopia2018NG	ONL_thickness	OS_thickness	POAG_GERA_UKB2018	POAG_Gharahkhani2021	UKBB_BMI	UKBBc_IOP_2018Khawaja	UKB_body_BMI	VCDR_caucasians_2017	WBC	
Astrocyte	0.162069014684603	0.815923718194209	2.22253460429367	0.901480134382591	0.696468186911203	0.199702132979118	0.613232046121015	0.563582776074662	0.086705481893973	1.35167678256558	1.61724449555583	0.482539843487198	1.00143931296169	1.00073312344877	1.01224808955364	0.0813275251286968	1.70474180863495	0.0816530111355543	
Endothelial	0.349566457422147	1.57479323731689	2.66965878515371	0.719573316416401	0.538845612988039	0.283826691606884	0.0997276829753963	0.918459816389451	0.0940448538828849	0.345190026417705	0.769306006456855	1.83647698090537	2.29957001221768	0.00556537948748792	2.78422007532338	1.59073611650855	2.238436788631	1.60616515385704	
Fibroblast	1.16583986100369	8.03339871102961	4.91047616947121	1.49652671388997	0.501803335884006	2.71926479353795	0.201216583787016	1.23794490107604	0.220342804836997	0.333751835023994	0.566542806716157	4.67088464863938	6.70559145777228	0.0242776382267983	6.33326921337127	0.119855586209742	2.8610987578799	0.071768162874162	
Immune	0.149006081621261	0.00619548226740753	0.00471360758149298	0.240168450907573	0.319342030859212	0.149574863151963	0.00319221805407266	0.0728259803994913	0.218814002590892	0.0432057897654321	0.0626260093555066	0.0141930482727374	0.00322112402061997	0.549499442019879	0.0111424999550277	2.82983125783143	0.00226146131515638	2.80806820204779	
MG	0.285858485601157	0.174267002942142	2.8827379116905	1.0945139446601	0.424623682351461	1.08411951344097	2.0482954451286	1.50559679297081	1.32489946150589	5.44952836569341	1.06842207788682	1.57508141569963	1.26850455132198	1.32007847942124	0.76063468278394	0.000461075530821133	1.91256237723485	0.000521869461285091	
Macrophage	0.865881979156948	0.396544046819679	0.00801885169938625	0.0752971178843049	0.704026070026017	0.171924271011308	0.0491052794780055	0.0186938957904794	0.244358968955824	0.375866637422728	0.164890779870959	0.164298644970845	0.0244663167246385	0.260259269209415	0.0145745161044295	5.36975393197173	0.00722375240567165	6.22369809766937	
Melanocyte	0.354801198501466	1.15102334973482	3.54759484187345	0.857290018130973	0.350864165110698	1.18758670813146	0.199026192604527	1.12414775959994	0.777353290019293	0.68940078521646	1.86316706939963	0.332986751413848	0.982935017209006	1.5023577310216	0.943658973300351	0.186024575963662	1.94908100311908	0.165704520887434	
Microglia	0.67155908191056	0.378342162805471	0.04255382539168	0.136614704459732	0.977018985945902	0.0905877996193477	0.0180626489362703	0.00430807674792634	0.185564606620742	0.211292354199026	0.0672491714856529	0.0891736938263691	0.0162486503444367	0.235159128874596	0.0356329281380094	3.56328895003469	0.0129264117743234	3.76191283737473	
Mural	0.426974062696432	3.36436616176335	4.41955303026328	2.17400707889143	0.670889010148867	1.20705291571462	0.0657636714014922	1.01041665704478	0.0834690664207315	0.0965985628806736	0.805058336411979	3.08363610603459	4.32916766877855	0.16328247211858	3.06307222930437	0.275202432180949	4.72814652525496	0.167604255122582	
OPC	0.157963044607149	0.0643209803397194	1.495042357933	0.232509291578141	0.230558726685292	0.290239846894843	0.638631856137339	0.597145480737234	0.217746575266897	0.901907344056994	0.994596179832498	0.51889932297631	0.534117483500613	5.22128814330254	0.234667370876964	0.24180963872102	0.536505586087592	0.238479342818083	
Oligodendrocyte	0.420229612835794	0.0480783484485719	0.784749208905921	0.309618999110857	0.717092796866558	0.231532723614695	1.14651437665224	0.753916511966955	0.592801657943453	0.522170947630664	0.643539138895056	0.150706901233307	0.177211981467513	1.3601189340955	0.36489830095453	0.0398878279377262	0.129753626727555	0.0586746644573923	
